% 036BX4 motor specs
U_0 = 36;
I_0 = 0.124;
J = 6.3E-6;
R = 3.23;
k_m = 0.0644;
k_e = 0.006741;
b = 1.1E-6;
L = 0.000238;